Number of iterations: 50
Number of landmarks: 39
Length time grid: 101
Endpoint: 1.0
updatescheme: [:innov, :rmrw_mom, :parameter]
Average acceptance rates update steps: [0.32, 0.16, 0.44]

Noise Sigma: Array{SArray{Tuple{2,2},Float64,2,4},1}[[[0.0001 0.0; 0.0 0.0001], [0.0001 0.0; 0.0 0.0001], [0.0001 0.0; 0.0 0.0001], [0.0001 0.0; 0.0 0.0001], [0.0001 0.0; 0.0 0.0001], [0.0001 0.0; 0.0 0.0001], [0.0001 0.0; 0.0 0.0001], [0.0001 0.0; 0.0 0.0001], [0.0001 0.0; 0.0 0.0001], [0.0001 0.0; 0.0 0.0001], [0.0001 0.0; 0.0 0.0001], [0.0001 0.0; 0.0 0.0001], [0.0001 0.0; 0.0 0.0001], [0.0001 0.0; 0.0 0.0001], [0.0001 0.0; 0.0 0.0001], [0.0001 0.0; 0.0 0.0001], [0.0001 0.0; 0.0 0.0001], [0.0001 0.0; 0.0 0.0001], [0.0001 0.0; 0.0 0.0001], [0.0001 0.0; 0.0 0.0001], [0.0001 0.0; 0.0 0.0001], [0.0001 0.0; 0.0 0.0001], [0.0001 0.0; 0.0 0.0001], [0.0001 0.0; 0.0 0.0001], [0.0001 0.0; 0.0 0.0001], [0.0001 0.0; 0.0 0.0001], [0.0001 0.0; 0.0 0.0001], [0.0001 0.0; 0.0 0.0001], [0.0001 0.0; 0.0 0.0001], [0.0001 0.0; 0.0 0.0001], [0.0001 0.0; 0.0 0.0001], [0.0001 0.0; 0.0 0.0001], [0.0001 0.0; 0.0 0.0001], [0.0001 0.0; 0.0 0.0001], [0.0001 0.0; 0.0 0.0001], [0.0001 0.0; 0.0 0.0001], [0.0001 0.0; 0.0 0.0001], [0.0001 0.0; 0.0 0.0001], [0.0001 0.0; 0.0 0.0001]], [[0.0001 0.0; 0.0 0.0001], [0.0001 0.0; 0.0 0.0001], [0.0001 0.0; 0.0 0.0001], [0.0001 0.0; 0.0 0.0001], [0.0001 0.0; 0.0 0.0001], [0.0001 0.0; 0.0 0.0001], [0.0001 0.0; 0.0 0.0001], [0.0001 0.0; 0.0 0.0001], [0.0001 0.0; 0.0 0.0001], [0.0001 0.0; 0.0 0.0001], [0.0001 0.0; 0.0 0.0001], [0.0001 0.0; 0.0 0.0001], [0.0001 0.0; 0.0 0.0001], [0.0001 0.0; 0.0 0.0001], [0.0001 0.0; 0.0 0.0001], [0.0001 0.0; 0.0 0.0001], [0.0001 0.0; 0.0 0.0001], [0.0001 0.0; 0.0 0.0001], [0.0001 0.0; 0.0 0.0001], [0.0001 0.0; 0.0 0.0001], [0.0001 0.0; 0.0 0.0001], [0.0001 0.0; 0.0 0.0001], [0.0001 0.0; 0.0 0.0001], [0.0001 0.0; 0.0 0.0001], [0.0001 0.0; 0.0 0.0001], [0.0001 0.0; 0.0 0.0001], [0.0001 0.0; 0.0 0.0001], [0.0001 0.0; 0.0 0.0001], [0.0001 0.0; 0.0 0.0001], [0.0001 0.0; 0.0 0.0001], [0.0001 0.0; 0.0 0.0001], [0.0001 0.0; 0.0 0.0001], [0.0001 0.0; 0.0 0.0001], [0.0001 0.0; 0.0 0.0001], [0.0001 0.0; 0.0 0.0001], [0.0001 0.0; 0.0 0.0001], [0.0001 0.0; 0.0 0.0001], [0.0001 0.0; 0.0 0.0001], [0.0001 0.0; 0.0 0.0001]]]
tuningpars_mcmc: Pars_ahs
  model: Symbol ahs
  ρinit: Float64 0.95
  covθprop: Array{Float64}((3, 3)) [0.01 0.0 0.0; 0.0 0.01 0.0; 0.0 0.0 0.01]
  η: #46 (function of type BridgeLandmarks.var"#46#50")
  adaptskip: Int64 20
  σobs: Float64 0.01
  dt: Float64 0.01
  cinit: Float64 1.0
  γinit: Float64 0.16012815380508713
  stdev: Float64 0.25
  db: Array{Float64}((2,)) [2.0, 2.0]
  κ: Float64 100.0
  δpos: Float64 0.01
  δmom: Float64 0.0002564102564102564
  skip_saveITER: Int64 10

Final value  of rho (Crank-Nicholsen parameter: 0.9586890420340956
Final value of MALA parameter (delta): [0.01, 0.00020993096232768763]
skip in evaluation of loglikelihood: 1
Elapsed time: 2123.717490196228
