Model: ms
Number of iterations: 2000
Number of landmarks: 15
Length time grid: 101
Endpoint: 1.0
updatescheme: Symbol[:innov, :rmmala_pos, :parameter]
Noise Sigma: Array{SArray{Tuple{2,2},Float64,2,4},1}[[[0.0001 0.0; 0.0 0.0001], [0.0001 0.0; 0.0 0.0001], [0.0001 0.0; 0.0 0.0001], [0.0001 0.0; 0.0 0.0001], [0.0001 0.0; 0.0 0.0001], [0.0001 0.0; 0.0 0.0001], [0.0001 0.0; 0.0 0.0001], [0.0001 0.0; 0.0 0.0001], [0.0001 0.0; 0.0 0.0001], [0.0001 0.0; 0.0 0.0001], [0.0001 0.0; 0.0 0.0001], [0.0001 0.0; 0.0 0.0001], [0.0001 0.0; 0.0 0.0001], [0.0001 0.0; 0.0 0.0001], [0.0001 0.0; 0.0 0.0001]], [[0.0001 0.0; 0.0 0.0001], [0.0001 0.0; 0.0 0.0001], [0.0001 0.0; 0.0 0.0001], [0.0001 0.0; 0.0 0.0001], [0.0001 0.0; 0.0 0.0001], [0.0001 0.0; 0.0 0.0001], [0.0001 0.0; 0.0 0.0001], [0.0001 0.0; 0.0 0.0001], [0.0001 0.0; 0.0 0.0001], [0.0001 0.0; 0.0 0.0001], [0.0001 0.0; 0.0 0.0001], [0.0001 0.0; 0.0 0.0001], [0.0001 0.0; 0.0 0.0001], [0.0001 0.0; 0.0 0.0001], [0.0001 0.0; 0.0 0.0001]]]
tuningpars_mcmc: tuningpars_mcmc(0.7, 10, [0.002, 0.1], [0.04 0.0 0.0; 0.0 0.04 0.0; 0.0 0.0 0.04], η, 20)
Final value  of rho (Crank-Nicholsen parameter: 0.5465999750883311
Final value of MALA parameter (delta): [0.00389782, 0.1]
skip in evaluation of loglikelihood: 1
Average acceptance percentage pCN update steps: 79.84

Elapsed time: 6736.554622888565
