Model: ms
Number of iterations: 500
Number of landmarks: 18
Length time grid: 101
Endpoint: 1.0
updatescheme: Symbol[:innov, :mala_mom]
Noise Sigma: Array{SArray{Tuple{2,2},Float64,2,4},1}[[[0.0001 0.0; 0.0 0.0001], [0.0001 0.0; 0.0 0.0001], [0.0001 0.0; 0.0 0.0001], [0.0001 0.0; 0.0 0.0001], [0.0001 0.0; 0.0 0.0001], [0.0001 0.0; 0.0 0.0001], [0.0001 0.0; 0.0 0.0001], [0.0001 0.0; 0.0 0.0001], [0.0001 0.0; 0.0 0.0001], [0.0001 0.0; 0.0 0.0001], [0.0001 0.0; 0.0 0.0001], [0.0001 0.0; 0.0 0.0001], [0.0001 0.0; 0.0 0.0001], [0.0001 0.0; 0.0 0.0001], [0.0001 0.0; 0.0 0.0001], [0.0001 0.0; 0.0 0.0001], [0.0001 0.0; 0.0 0.0001], [0.0001 0.0; 0.0 0.0001]], [[0.0001 0.0; 0.0 0.0001], [0.0001 0.0; 0.0 0.0001], [0.0001 0.0; 0.0 0.0001], [0.0001 0.0; 0.0 0.0001], [0.0001 0.0; 0.0 0.0001], [0.0001 0.0; 0.0 0.0001], [0.0001 0.0; 0.0 0.0001], [0.0001 0.0; 0.0 0.0001], [0.0001 0.0; 0.0 0.0001], [0.01 0.0; 0.0 0.01], [0.01 0.0; 0.0 0.01], [0.01 0.0; 0.0 0.01], [0.01 0.0; 0.0 0.01], [0.01 0.0; 0.0 0.01], [0.01 0.0; 0.0 0.01], [0.01 0.0; 0.0 0.01], [0.01 0.0; 0.0 0.01], [0.01 0.0; 0.0 0.01]]]
tuningpars_mcmc: tuningpars_mcmc(0.9, 10, [0.0001, 0.1], [0.04 0.0 0.0; 0.0 0.04 0.0; 0.0 0.0 0.04], η, 20)
Final value  of rho (Crank-Nicholsen parameter: 0.9488308061249525
Final value of MALA parameter (delta): [0.0001, 0.429727]
skip in evaluation of loglikelihood: 1
Average acceptance percentage pCN update steps: 48.6

Elapsed time: 246.63822197914124
