Number of iterations: 10
Number of landmarks: 40
Length time grid: 101
Endpoint: 1.0
updatescheme: [:mala_mom, :parameter, :innov]
Average acceptance rates update steps: [0.0, 0.6, 0.6]

Noise Sigma: Array{SArray{Tuple{2,2},Float64,2,4},1}[[[1.0e-6 0.0; 0.0 1.0e-6], [1.0e-6 0.0; 0.0 1.0e-6], [1.0e-6 0.0; 0.0 1.0e-6], [1.0e-6 0.0; 0.0 1.0e-6], [1.0e-6 0.0; 0.0 1.0e-6], [1.0e-6 0.0; 0.0 1.0e-6], [1.0e-6 0.0; 0.0 1.0e-6], [1.0e-6 0.0; 0.0 1.0e-6], [1.0e-6 0.0; 0.0 1.0e-6], [1.0e-6 0.0; 0.0 1.0e-6], [1.0e-6 0.0; 0.0 1.0e-6], [1.0e-6 0.0; 0.0 1.0e-6], [1.0e-6 0.0; 0.0 1.0e-6], [1.0e-6 0.0; 0.0 1.0e-6], [1.0e-6 0.0; 0.0 1.0e-6], [1.0e-6 0.0; 0.0 1.0e-6], [1.0e-6 0.0; 0.0 1.0e-6], [1.0e-6 0.0; 0.0 1.0e-6], [1.0e-6 0.0; 0.0 1.0e-6], [1.0e-6 0.0; 0.0 1.0e-6], [1.0e-6 0.0; 0.0 1.0e-6], [1.0e-6 0.0; 0.0 1.0e-6], [1.0e-6 0.0; 0.0 1.0e-6], [1.0e-6 0.0; 0.0 1.0e-6], [1.0e-6 0.0; 0.0 1.0e-6], [1.0e-6 0.0; 0.0 1.0e-6], [1.0e-6 0.0; 0.0 1.0e-6], [1.0e-6 0.0; 0.0 1.0e-6], [1.0e-6 0.0; 0.0 1.0e-6], [1.0e-6 0.0; 0.0 1.0e-6], [1.0e-6 0.0; 0.0 1.0e-6], [1.0e-6 0.0; 0.0 1.0e-6], [1.0e-6 0.0; 0.0 1.0e-6], [1.0e-6 0.0; 0.0 1.0e-6], [1.0e-6 0.0; 0.0 1.0e-6], [1.0e-6 0.0; 0.0 1.0e-6], [1.0e-6 0.0; 0.0 1.0e-6], [1.0e-6 0.0; 0.0 1.0e-6], [1.0e-6 0.0; 0.0 1.0e-6], [1.0e-6 0.0; 0.0 1.0e-6]], [[1.0e-6 0.0; 0.0 1.0e-6], [1.0e-6 0.0; 0.0 1.0e-6], [1.0e-6 0.0; 0.0 1.0e-6], [1.0e-6 0.0; 0.0 1.0e-6], [1.0e-6 0.0; 0.0 1.0e-6], [1.0e-6 0.0; 0.0 1.0e-6], [1.0e-6 0.0; 0.0 1.0e-6], [1.0e-6 0.0; 0.0 1.0e-6], [1.0e-6 0.0; 0.0 1.0e-6], [1.0e-6 0.0; 0.0 1.0e-6], [1.0e-6 0.0; 0.0 1.0e-6], [1.0e-6 0.0; 0.0 1.0e-6], [1.0e-6 0.0; 0.0 1.0e-6], [1.0e-6 0.0; 0.0 1.0e-6], [1.0e-6 0.0; 0.0 1.0e-6], [1.0e-6 0.0; 0.0 1.0e-6], [1.0e-6 0.0; 0.0 1.0e-6], [1.0e-6 0.0; 0.0 1.0e-6], [1.0e-6 0.0; 0.0 1.0e-6], [1.0e-6 0.0; 0.0 1.0e-6], [1.0e-6 0.0; 0.0 1.0e-6], [1.0e-6 0.0; 0.0 1.0e-6], [1.0e-6 0.0; 0.0 1.0e-6], [1.0e-6 0.0; 0.0 1.0e-6], [1.0e-6 0.0; 0.0 1.0e-6], [1.0e-6 0.0; 0.0 1.0e-6], [1.0e-6 0.0; 0.0 1.0e-6], [1.0e-6 0.0; 0.0 1.0e-6], [1.0e-6 0.0; 0.0 1.0e-6], [1.0e-6 0.0; 0.0 1.0e-6], [1.0e-6 0.0; 0.0 1.0e-6], [1.0e-6 0.0; 0.0 1.0e-6], [1.0e-6 0.0; 0.0 1.0e-6], [1.0e-6 0.0; 0.0 1.0e-6], [1.0e-6 0.0; 0.0 1.0e-6], [1.0e-6 0.0; 0.0 1.0e-6], [1.0e-6 0.0; 0.0 1.0e-6], [1.0e-6 0.0; 0.0 1.0e-6], [1.0e-6 0.0; 0.0 1.0e-6], [1.0e-6 0.0; 0.0 1.0e-6]]]
tuningpars_mcmc: Pars_ms
  model: Symbol ms
  ρinit: Float64 0.9
  covθprop: Array{Float64}((3, 3)) [0.01 0.0 0.0; 0.0 0.01 0.0; 0.0 0.0 0.04]
  η: #39 (function of type BridgeLandmarks.var"#39#43")
  adaptskip: Int64 20
  σobs: Float64 0.001
  dt: Float64 0.01
  cinit: Float64 0.2
  γinit: Float64 0.31622776601683794
  κ: Float64 100.0
  δpos: Float64 0.01
  δmom: Float64 0.00025
  skip_saveITER: Int64 1

Final value  of rho (Crank-Nicholsen parameter: 0.9
Final value of MALA parameter (delta): [0.01, 0.00025]
skip in evaluation of loglikelihood: 1
Elapsed time: 27.417781829833984
